On vs Off
                                            x                                                                                                    x               xx                             x             xx  x
ON_COOL_30_AUTO.csv - 	10010101 10011010 00000000 01000111 00000000 00000000	00000001 00000000 00000000 00000000 00000100 00000000 00000000 01000010	00000000 01000000 00000000 00000000 00011100 00010000 01001100	
OFF_COOL_30_AUTO.csv - 	10010101 10011010 00100000 01000111 00000000 00000000	00000001 00000000 00000000 00000000 00000100 00000000 00000000 01100010	00000000 10000000 00000000 00000000 00010100 00010000 10000100
                                            x                                                                                                    x               xx                             x             xx  x             
ON_HEAT_26_AUTO.csv - 	10010101 10011010 00000000 00000101 00000000 00000000	00000001 00000000 00000000 00000000 00000100 00000000 00000000 00000000	00000000 01000000 00000000 00000000 00011100 00010000 01001100	
OFF_HEAT_26_AUTO.csv - 	10010101 10011010 00100000 00000101 00000000 00000000	00000001 00000000 00000000 00000000 00000100 00000000 00000000 00100000	00000000 10000000 00000000 00000000 00010100 00010000 10000100
																							        x		  x
ON_AUTO_26_AUTO.csv:  	10010101 10011010 00100100 10001110 00000000 00000000	00000001 00000000 00000000 00000000 00000100 00000000 00000000 10101111	00000000 10000000 00100000 00000000 00011100 00010000 10101100	
OFF_AUTO_26_AUTO.csv:  	10010101 10011010 00100100 10001110 00000000 00000000	00000001 00000000 00000000 00000000 00000100 00000000 00000000 10101111	00000000 10000000 00100000 00000000 00010100 00010000 10100100	

Heat vs Cool vs Dry vs Auto
			                    x  x   xx  x xx										       xxx xxxx		 xxx        x                                 xxx 
ON_HEAT_26_AUTO.csv - 	10010101 10011010 00000000 00000101 00000000 00000000	00000001 00000000 00000000 00000000 00000100 00000000 00000000 00000000	00000000 01000000 00000000 00000000 00011100 00010000 01001100
ON_COOL_26_AUTO.csv - 	10010101 10011010 00000000 01000101 00000000 00000000	00000001 00000000 00000000 00000000 00000100 00000000 00000000 01000000	00000000 01100000 00000000 00000000 00011100 00010000 01101100
ON_DRY_26_AUTO.csv:  	10010101 10011010 00100100 11001110 00000000 00000000	00000001 00000000 00000000 00000000 00000100 00000000 00000000 11101111	00000000 10000000 00100000 00000000 00011100 00010000 10101100
ON_AUTO_26_AUTO.csv:  	10010101 10011010 00100100 10001110 00000000 00000000	00000001 00000000 00000000 00000000 00000100 00000000 00000000 10101111	00000000 10000000 00100000 00000000 00011100 00010000 10101100	
	

Cool 26 vs 27 vs 28 vs 29 vs 30
			                                xxx                 								           xxx 		   x					        x
ON_COOL_26_AUTO.csv - 	10010101 10011010 00000000 01000101 00000000 00000000	00000001 00000000 00000000 00000000 00000100 00000000 00000000 01000000	00000000 01100000 00000000 00000000 00011100 00010000 01101100	
ON_COOL_27_AUTO.csv - 	10010101 10011010 00000000 01001101 00000000 00000000	00000001 00000000 00000000 00000000 00000100 00000000 00000000 01001000	00000000 01000000 00000000 00000000 00011100 00010000 01001100	
ON_COOL_28_AUTO.csv - 	10010101 10011010 00000000 01000011 00000000 00000000	00000001 00000000 00000000 00000000 00000100 00000000 00000000 01000110	00000000 01000000 00000000 00000000 00011100 00010000 01001100	
ON_COOL_29_AUTO.csv - 	10010101 10011010 00000000 01001011 00000000 00000000	00000001 00000000 00000000 00000000 00000100 00000000 00000000 01001110	00000000 01000000 00000000 00000000 00011100 00010000 01001100	
ON_COOL_30_AUTO.csv - 	10010101 10011010 00000000 01000111 00000000 00000000	00000001 00000000 00000000 00000000 00000100 00000000 00000000 01000010	00000000 01000000 00000000 00000000 00011100 00010000 01001100	

Heat 23 vs 24 vs 25 vs 26 vs 27
			                               xxxx            									           xxxx	           x					        x
ON_HEAT_23_AUTO.csv - 	10010101 10011010 00000000 00001110 00000000 00000000	00000001 00000000 00000000 00000000 00000100 00000000 00000000 00001011	00000000 01100000 00000000 00000000 00011100 00010000 01101100	
ON_HEAT_24_AUTO.csv - 	10010101 10011010 00000000 00000001 00000000 00000000	00000001 00000000 00000000 00000000 00000100 00000000 00000000 00000100	00000000 01000000 00000000 00000000 00011100 00010000 01001100	
ON_HEAT_25_AUTO.csv - 	10010101 10011010 00000000 00001001 00000000 00000000	00000001 00000000 00000000 00000000 00000100 00000000 00000000 00001100	00000000 01000000 00000000 00000000 00011100 00010000 01001100	
ON_HEAT_26_AUTO.csv - 	10010101 10011010 00000000 00000101 00000000 00000000	00000001 00000000 00000000 00000000 00000100 00000000 00000000 00000000	00000000 01000000 00000000 00000000 00011100 00010000 01001100	
ON_HEAT_27_AUTO.csv - 	10010101 10011010 00000000 00001101 00000000 00000000	00000001 00000000 00000000 00000000 00000100 00000000 00000000 00001000	00000000 01000000 00000000 00000000 00011100 00010000 01001100	

FAN Lo-Me-HI
			                  xx                   										       xxx		xxx					      xxx x
ON_FAN_--_LO.csv - 	10010101 10011010 11000000 00101110 00000000 00000000	00000001 00000000 00000000 00000000 00000100 00000000 00000000 11101011	0000000 00110000 00000000 00000000 00001110 00001000 001101100	
ON_FAN_--_ME.csv - 	10010101 10011010 01000000 00101110 00000000 00000000	00000001 00000000 00000000 00000000 00000100 00000000 00000000 01101011	0000000 01000100 00000000 00000000 00001110 00001000 010000100	
ON_FAN_--_HI.csv - 	10010101 10011010 10000000 00101110 00000000 00000000	00000001 00000000 00000000 00000000 00000100 00000000 00000000 10101011	0000000 01000100 00000000 00000000 00001110 00001000 010000100
					  xx												       xx			
ON_AUTO_25_LO.csv - 	10010101 10011010 11000100 10001110 00000000 00000000	00000001 00000000 00000000 00000000 00000100 00000000 00000000 01001111	0000000 01000100 00000000 00000000 00001110 00001000 010000100	
ON_AUTO_25_ME.csv - 	10010101 10011010 01000100 10001110 00000000 00000000	00000001 00000000 00000000 00000000 00000100 00000000 00000000 11001111	0000000 01000100 00000000 00000000 00001110 00001000 010000100	
ON_AUTO_25_HI.csv - 	10010101 10011010 10000100 10001110 00000000 00000000	00000001 00000000 00000000 00000000 00000100 00000000 00000000 00001111	0000000 01000100 00000000 00000000 00001110 00001000 010000100			
		